20.76523
22.42664
18.07274
23.27177
20.64691
24.01822
25.13779
22.77188
28.81308
26.74678
27.97178
30.25574
26.37956
31.36645
29.20845
31.91482
31.28168
30.72554
32.66064
25.53333
28.50652
27.56073
27.90066
26.07071
26.48065
24.89000
26.39282
22.13451
28.12416
24.08431
23.17271
22.05938
23.62384
24.04419
24.47793
25.08591
26.74141
27.12021
24.20845
24.98865
24.55112
26.92444
27.46183
23.89941
31.44928
27.63364
29.15875
30.66260
31.33870
29.89804
27.01280
27.79028
33.30805
34.45644
36.89680
33.59104
34.05908
32.10797
30.99126
34.44770
31.91320
33.09640
28.03542
26.76211
28.50218
22.10290
29.18073
26.10326
25.67906
24.70519
26.38234
26.41398
26.09343
32.28150
24.48163
29.53690
29.62149
26.47553
27.73017
27.85896
26.05427
27.32331
24.69950
27.45577
26.48858
27.03502
25.30479
27.40452
26.30460
26.58448
26.62522
27.56803
26.65038
23.17245
23.14365
23.55039
23.20514
24.00270
22.87364
26.95186
25.10326
24.46242
21.31690
23.34909
27.18612
26.04663
20.17283
24.03785
23.49964
25.75691
23.56613
22.62754
27.88376
24.32509
23.27714
22.23009
20.77708
16.98674
17.85075
24.29816
18.21347
20.38648
20.97799
21.30916
22.10531
24.53577
23.11915
24.23471
25.72294
28.01697
27.29052
25.79212
25.20369
22.27323
23.06133
23.59190
24.22204
25.07260
26.90287
28.86607
26.57581
23.37483
24.29373
24.44940
25.97390
23.97125
26.35569
20.98070
22.87164
19.87906
20.86436
21.36418
21.87137
23.39552
22.43199
20.42430
26.31829
25.54086
24.01703
22.58538
23.49642
25.43330
23.45804
24.75662
23.63094
24.91477
22.82519
20.16363
20.56839
20.97405
20.34314
22.23141
24.91196
25.71043
23.40856
25.59236
24.19463
24.23379
27.49529
17.29902
28.18755
33.22137
25.31063
25.99433
25.97614
27.70165
28.51267
27.24166
24.88355
26.22895
27.17887
28.76067
25.23878
23.78729
28.38141
21.38203
23.55088
28.29218
30.40863
30.82790
29.94007
30.62053
28.80932
29.15343
28.90476
28.60402
28.16203
27.71835
27.59254
29.84662
25.45317
27.14755
29.91598
26.79244
26.95321
27.51507
27.20793
26.23195
27.94568
24.07011
26.17912
27.43922
27.92353
28.29271
29.08931
28.06776
25.02248
28.52270
26.55106
29.41124
30.15879
29.52581
29.91932
30.05342
28.66796
24.15237
27.09346
27.54988
28.23246
27.05432
25.15640
25.73207
25.83290
26.13785
24.75437
25.92631
25.55664
27.11849
27.66501
30.02405
29.31464
30.10452
28.32263
30.00223
30.92221
32.59150
32.28393
30.96215
31.60625
33.19702
35.07656
31.05367
29.31894
28.23818
23.70186
27.40967
23.30646
22.51594
22.78681
23.20202
21.02838
25.19942
20.67591
20.47204
21.84007
21.81536
22.61869
24.12230
24.91802
24.95619
25.00834
28.19138
27.30723
29.76925
28.78731
28.94795
30.51861
27.78673
28.40796
27.04498
26.25837
23.67185
23.48778
25.06721
24.75960
24.71890
24.72970
25.16998
27.07141
25.06477
20.71929
25.91711
26.99537
27.17527
27.38098
21.45360
26.40164
29.05460
25.20884
30.31717
28.33154
30.63601
32.40333
29.97177
28.38106
30.43442
30.74078
29.98228
24.39322
28.31862
25.26887
23.95727
22.32163
23.09740
25.40216
23.01695
23.44281
23.82331
22.69315
21.48202
23.10300
24.86506
25.88831
27.61307
29.05875
26.88840
22.60845
27.11435
25.45560
26.15974
25.64822
24.63618
21.31230
20.97590
20.94185
20.54800
21.37241
24.47090
24.95151
23.22848
23.64248
23.24904
25.19751
25.57447
24.52610
25.13936
33.08163
27.41273
28.65939
28.84082
29.02703
27.10152
29.95940
35.72651
28.83039
29.73435
26.66774
25.37791
25.57164
24.99335
24.60213
23.11074
23.97725
23.81410
24.17637
26.02219
27.40058
26.19913
25.33455
25.12884
22.64612
21.85298
23.74420
22.65839
23.81368
24.16179
24.32165
23.58809
23.00608
25.23334
26.67968
24.93412
25.42922
29.18471
23.84606
26.56848
26.62366
26.75958
28.20380
29.61944
29.08739
30.00543
29.26323
30.46860
28.63532
30.39440
31.19700
31.68009
31.05193
31.18507
31.64693
26.02062
28.35355
34.97394
29.53995
29.40701
29.01863
25.78684
27.19544
27.10678
27.67264
22.96651
23.99156
25.35687
27.74320
27.83619
27.30178
28.16681
33.09588
31.59193
30.19037
31.93077
30.63562
32.32214
30.13434
32.28808
31.72747
31.09359
31.66572
31.07732
30.92139
31.94093
24.91507
27.03386
29.69550
31.95727
28.74053
29.34304
28.01517
26.31594
25.94991
26.08722
26.53687
28.99622
27.68309
27.92952
23.26224
25.06866
22.73571
26.20681
26.74094
27.05969
24.38864
26.15564
24.88043
26.98084
26.94508
27.49946
25.05641
25.58356
25.18207
23.59542
21.25517
22.70806
22.32090
21.82138
21.70918
18.88314
18.59650
22.54688
24.35041
23.97102
25.57900
29.33828
30.15088
27.24041
26.85991
29.24448
32.21202
30.06709
28.94854
27.71002
27.03883
25.24014
26.52189
27.10725
27.38693
28.48830
28.62511
27.30665
28.49552
29.43810
26.06049
29.71805
28.35168
27.73518
26.30494
24.44257
23.31146
22.88500
23.39348
22.74638
22.28261
21.74414
24.13883
26.03286
26.96782
25.83847
26.68822
25.87360
23.44973
26.21461
27.26646
26.52208
25.62543
22.30868
25.57586
26.93849
27.39606
28.33218
25.70326
30.55291
28.87554
28.98576
26.89862
28.96168
28.58397
27.97521
27.29534
27.28140
27.52961
26.30744
22.03453
26.79679
25.79835
25.43522
26.74365
25.22855
27.66303
22.40915
22.26589
24.47813
25.24560
23.33599
23.56349
21.87903
22.23155
23.12126
26.76838
25.98034
25.60528
23.90430
23.35267
22.09706
24.57906
24.23582
23.91745
26.20306
22.03733
26.16459
25.90955
26.93026
25.82015
28.95808
25.01146
26.70928
26.20721
26.18490
25.05562
25.76780
28.48660
25.46631
25.83529
26.43786
24.70303
25.81715
27.05339
27.98626
26.95834
26.77583
27.09064
28.23866
27.09863
27.63755
24.15998
23.75079
22.42818
22.07661
24.11549
21.29766
22.45695
21.65351
28.05580
25.82447
25.20371
24.69050
23.62268
23.09117
22.91495
23.73017
29.98991
26.77122
24.65524
22.20476
24.95068
25.00459
24.50504
21.14448
28.29396
25.74649
26.32083
26.17220
28.91769
26.24201
29.09247
29.58863
29.56091
30.14232
31.55742
31.99584
29.66272
30.28462
25.29474
29.92800
29.55965
29.63281
29.96760
30.02109
27.22499
26.89069
28.00731
25.76349
28.10409
26.91998
24.20370
20.57390
24.66339
25.95280
28.90933
20.78560
21.50832
28.05921
27.21446
26.88533
30.28954
29.15526
30.43318
28.04152
26.22866
27.50230
32.86844
30.85796
29.30586
26.16098
21.40285
24.26093
26.65352
29.05247
26.15216
26.28868
26.85586
27.07494
25.11617
27.24121
30.68463
28.29942
29.21564
33.19141
28.19839
29.82044
28.70643
25.34365
26.47607
26.56992
26.91533
25.47966
29.61195
24.96870
22.32275
21.04026
25.00564
21.77343
22.86881
22.36575
22.58415
21.38730
25.49637
23.04235
24.82468
25.89172
22.69531
23.47478
23.55257
22.47335
24.75661
26.47010
23.99330
21.43527
22.38794
25.71581
22.66292
24.33069
24.41237
28.43291
29.22397
27.01921
28.10582
28.94736
29.28277
28.59072
28.83217
30.41283
28.59848
26.34403
23.91356
22.74043
23.89632
25.98785
28.10373
25.74657
26.90539
27.59015
25.35449
28.23113
29.63120
25.47623
28.60225
28.03736
27.86826
29.34313
28.41557
23.05401
27.30305
26.73762
26.30523
24.80417
26.11156
25.23300
24.81087
23.96792
20.78508
20.83267
16.15973
20.91183
23.20270
23.54487
25.34278
24.35000
26.61470
25.15195
24.44921
24.66688
25.42320
27.39536
26.68107
26.25761
25.64707
26.40139
27.78335
23.96444
25.34028
22.54785
22.82296
22.37640
22.38596
22.05916
22.43677
22.14350
22.06342
21.26623
21.03664
21.13406
20.76609
23.25510
24.29089
23.65641
23.45854
24.86839
25.40724
25.72291
26.12566
26.72301
23.62029
29.74511
26.40114
27.35842
28.25089
27.01428
26.07634
27.09641
29.82293
23.90440
20.19719
29.56698
28.46967
26.74866
28.30868
25.47852
28.16414
23.23129
28.97637
28.44522
30.32986
31.91096
31.41438
26.91435
29.80250
27.51176
28.46953
30.72997
28.15602
26.82614
24.03979
26.30514
22.41118
21.16233
22.96901
24.69393
22.42095
24.77667
24.55380
21.67928
20.69108
22.97282
26.38245
23.17134
26.14120
25.77075
25.34597
25.26490
24.82161
25.21872
25.12458
25.04579
24.37597
23.30539
18.35161
23.32617
21.56413
20.62213
20.51990
20.14635
19.16023
23.72995
23.47934
20.97961
21.67425
22.60821
21.01059
21.55448
22.08503
22.39455
22.25427
23.97976
23.60614
22.28592
23.56462
25.61174
23.08889
22.85852
22.77507
23.43857
23.56174
24.03097
22.63261
23.71255
24.67625
22.42586
23.32959
23.62954
30.40465
28.35257
30.25562
26.75619
25.91090
25.77105
28.01903
24.42843
26.14505
28.42825
26.34956
23.53026
21.87558
21.04133
21.46406
19.62823
21.92341
22.01896
23.33858
20.82474
19.86846
21.07781
22.10997
21.96418
24.15674
21.90016
23.12643
24.34067
26.84338
25.23039
25.91771
28.43707
25.96830
28.17988
27.08538
26.58541
27.32968
27.34047
27.65129
25.99906
25.83383
27.84103
25.80586
26.79762
27.08168
25.49481
26.39920
25.39242
25.20060
26.02369
25.79069
25.26692
24.74349
28.65856
26.71834
22.21896
27.95752
28.24574
27.95642
28.33032
29.08252
26.95184
27.89696
35.07144
29.75747
30.22496
33.38655
30.47848
30.69966
27.24316
29.01599
30.23586
30.36731
35.19522
31.73437
32.58927
32.00086
29.19961
33.40171
30.83394
29.62221
32.44061
32.79314
31.69741
29.53456
27.63525
29.73454
26.16563
28.83342
31.41153
29.68429
27.56176
27.86558
27.15305
27.41515
26.55544
27.03857
23.51695
24.86377
24.85262
21.85471
23.18020
21.57933
23.44968
23.41910
22.71273
24.79736
26.06430
25.73967
24.99074
24.61607
24.62878
25.05416
26.12369
24.46707
22.67469
22.58941
20.85492
20.76754
22.42154
