0.10921 0.10685 0.10783 0.10829 0.10453 0.10572 0.10365 0.10837 0.10562 0.10777 0.10747 0.10608 0.10833 0.10688 0.10680 0.10889 0.10811 0.10746 0.10782 0.10804 0.11066 0.10930 0.10538 0.10681 0.10934 0.10656 0.11036 0.10742 0.10545 0.10666 0.10761 0.10614 0.10598 0.10564 0.10475 0.10804 0.10557 0.10746 0.10858 0.10738 0.11012 0.10675 0.10818 0.10945 0.10796 0.10710 0.11100 0.10987 0.10678 0.09855
0.07212 0.07173 0.07080 0.07008 0.07140 0.07098 0.07116 0.07112 0.07062 0.07052 0.07098 0.07020 0.07106 0.07160 0.07035 0.07124 0.07166 0.07117 0.07155 0.07073 0.06982 0.07155 0.06925 0.07209 0.07131 0.07133 0.07245 0.07252 0.07144 0.07146 0.07169 0.06977 0.07008 0.07144 0.06947 0.06971 0.07039 0.07088 0.07122 0.07132 0.07176 0.07206 0.07053 0.07162 0.07085 0.07348 0.07140 0.07222 0.07175 0.06526
0.13867 0.13541 0.13885 0.13953 0.13937 0.13831 0.13682 0.14259 0.14251 0.14043 0.13969 0.14018 0.13702 0.14135 0.13818 0.14128 0.13874 0.14323 0.14037 0.14127 0.13740 0.13994 0.13516 0.14302 0.14256 0.14100 0.13934 0.13698 0.13676 0.13433 0.14036 0.13990 0.13955 0.13849 0.13598 0.14311 0.14181 0.13988 0.14406 0.14004 0.14094 0.14101 0.13596 0.14161 0.13913 0.14335 0.14136 0.14119 0.13735 0.13656
0.07805 0.07562 0.07347 0.07697 0.07579 0.07867 0.07542 0.07473 0.07726 0.07519 0.07446 0.07629 0.07512 0.07609 0.07748 0.07536 0.07653 0.07599 0.07614 0.07492 0.07827 0.07513 0.07564 0.07612 0.07705 0.07646 0.07520 0.07741 0.07547 0.07714 0.07460 0.07470 0.07552 0.07603 0.07493 0.07698 0.07406 0.07544 0.07694 0.07600 0.07508 0.07406 0.07739 0.07752 0.07735 0.07639 0.07575 0.08076 0.07861 0.06963
0.10495 0.10296 0.10369 0.10402 0.10160 0.10441 0.10180 0.10437 0.10057 0.10663 0.10445 0.10444 0.10361 0.10211 0.10318 0.10282 0.10166 0.10285 0.10512 0.10368 0.10150 0.10185 0.10419 0.10118 0.10363 0.10051 0.10177 0.10286 0.10300 0.10536 0.10241 0.10317 0.10467 0.10207 0.10514 0.10272 0.10276 0.10356 0.10283 0.10266 0.10346 0.10423 0.10289 0.10295 0.10432 0.10587 0.10500 0.10438 0.09784 0.10101
0.12356 0.12175 0.12012 0.12007 0.12246 0.11982 0.11850 0.12009 0.11889 0.11989 0.11906 0.11893 0.12026 0.12086 0.12004 0.11894 0.11971 0.11935 0.11837 0.11967 0.12096 0.12126 0.12000 0.12020 0.12243 0.12013 0.11834 0.12016 0.12005 0.11923 0.12205 0.11949 0.12046 0.12074 0.11934 0.12070 0.12325 0.11902 0.12005 0.12323 0.12189 0.12122 0.11877 0.12150 0.11980 0.12545 0.12116 0.12688 0.12099 0.11149
0.12007 0.11867 0.11759 0.11643 0.11705 0.11995 0.11787 0.11865 0.11673 0.11762 0.12153 0.12319 0.11921 0.12116 0.11849 0.11794 0.12059 0.11704 0.11647 0.11601 0.11614 0.11563 0.11757 0.11748 0.11792 0.11687 0.11493 0.11762 0.11788 0.11221 0.11988 0.11994 0.11637 0.11736 0.11612 0.11631 0.11778 0.12112 0.11632 0.11807 0.11919 0.11666 0.11741 0.11696 0.11834 0.11884 0.11565 0.11905 0.11846 0.11446
0.06812 0.06434 0.06550 0.06371 0.06423 0.06482 0.06475 0.06514 0.06607 0.06417 0.06465 0.06457 0.06589 0.06493 0.06464 0.06460 0.06487 0.06437 0.06593 0.06493 0.06489 0.06412 0.06414 0.06471 0.06539 0.06629 0.06498 0.06484 0.06449 0.06405 0.06498 0.06453 0.06461 0.06440 0.06398 0.06479 0.06425 0.06403 0.06337 0.06435 0.06433 0.06483 0.06445 0.06503 0.06580 0.06520 0.06322 0.06417 0.06519 0.06379
0.17126 0.16958 0.17040 0.16965 0.16907 0.16766 0.16698 0.16637 0.16719 0.16770 0.16776 0.17049 0.17242 0.16919 0.17002 0.17183 0.17246 0.16970 0.17088 0.17105 0.16659 0.17036 0.17054 0.16932 0.16576 0.16812 0.16666 0.16718 0.16859 0.16645 0.17050 0.17022 0.16796 0.16802 0.17069 0.16570 0.16853 0.17704 0.16825 0.17222 0.17152 0.17069 0.16803 0.16789 0.17368 0.17650 0.17771 0.17808 0.16584 0.15746
0.27475 0.27184 0.28058 0.28366 0.26974 0.26277 0.28063 0.28624 0.27890 0.26516 0.28138 0.27578 0.27287 0.28338 0.28874 0.28194 0.27848 0.26693 0.26964 0.27015 0.28939 0.27792 0.27014 0.27508 0.27322 0.26783 0.27536 0.28187 0.27601 0.26985 0.29251 0.26672 0.27955 0.26983 0.27658 0.26224 0.28359 0.27842 0.27191 0.27844 0.27375 0.27720 0.27993 0.27740 0.27813 0.27427 0.27769 0.29092 0.29927 0.24012
0.16593 0.16451 0.16646 0.16392 0.16388 0.16256 0.16241 0.16565 0.16561 0.16472 0.15754 0.16750 0.16201 0.16134 0.16140 0.16739 0.16348 0.16020 0.16433 0.16475 0.16539 0.15826 0.16096 0.15959 0.15749 0.16360 0.16536 0.16734 0.16063 0.16403 0.16285 0.16722 0.15864 0.16425 0.16672 0.16673 0.16558 0.16541 0.16599 0.16586 0.16622 0.17073 0.16288 0.16952 0.16504 0.16933 0.17719 0.17836 0.17099 0.14422
0.19628 0.18704 0.18921 0.19089 0.18975 0.19514 0.19383 0.18870 0.18993 0.18704 0.19283 0.18984 0.19255 0.18933 0.18603 0.18948 0.18574 0.18788 0.19441 0.18757 0.19460 0.19002 0.19239 0.19390 0.19470 0.19107 0.19409 0.19102 0.18920 0.19308 0.19970 0.18968 0.19391 0.18787 0.18950 0.20053 0.20076 0.19385 0.19800 0.19458 0.19995 0.20531 0.20307 0.20251 0.21140 0.20148 0.21383 0.20679 0.18642 0.16084
0.20723 0.20495 0.20706 0.20137 0.20237 0.20552 0.20022 0.20438 0.20068 0.19920 0.20804 0.19979 0.20215 0.21235 0.19711 0.20211 0.20529 0.20526 0.20462 0.20052 0.20499 0.20468 0.20260 0.20189 0.20301 0.19901 0.20147 0.20514 0.20478 0.20262 0.20262 0.20895 0.20715 0.20528 0.20899 0.20582 0.20634 0.20766 0.20108 0.20237 0.20697 0.20633 0.20714 0.20544 0.20108 0.20563 0.20576 0.20982 0.20614 0.19632
0.20648 0.20128 0.20363 0.20513 0.20194 0.19828 0.20040 0.20313 0.20236 0.20461 0.20506 0.20739 0.19959 0.20093 0.20322 0.20130 0.19667 0.19569 0.20357 0.20441 0.20294 0.20597 0.19553 0.20283 0.20001 0.19599 0.19786 0.20213 0.20704 0.20532 0.20363 0.19849 0.20266 0.20252 0.20615 0.20418 0.20227 0.19809 0.20237 0.19766 0.19814 0.19984 0.20489 0.19751 0.20206 0.20012 0.20806 0.20698 0.20439 0.18009
0.14140 0.13676 0.13999 0.14077 0.14023 0.14013 0.14205 0.13961 0.14271 0.13660 0.14089 0.14354 0.13881 0.14323 0.14220 0.14021 0.14455 0.14127 0.13981 0.14013 0.13939 0.14066 0.14155 0.14096 0.13999 0.13884 0.14002 0.14163 0.13791 0.13998 0.14035 0.14062 0.14086 0.14198 0.13772 0.14150 0.14120 0.14641 0.14141 0.14078 0.13643 0.14178 0.14536 0.13985 0.14356 0.13885 0.14596 0.14041 0.13723 0.14152
0.25859 0.25787 0.25526 0.25508 0.25427 0.25206 0.24836 0.24960 0.25584 0.25332 0.25599 0.25149 0.24983 0.26040 0.24857 0.25177 0.24967 0.25738 0.25240 0.24900 0.25410 0.25867 0.25409 0.25138 0.25499 0.25124 0.24885 0.24411 0.25058 0.25701 0.25360 0.25479 0.26035 0.25272 0.25755 0.25420 0.25118 0.25332 0.25154 0.25223 0.25465 0.25406 0.25114 0.25900 0.25628 0.25252 0.25635 0.24764 0.24598 0.25077
