0.01917 0.24278 0.19083 0.19699 0.17023 0.47193 0.24574 0.41382 0.39429 0.37392 0.27359 0.33009 0.49517 0.42193 0.41847 0.40984 0.26727 0.54939 0.35528 0.49925 0.32063 0.57036 0.31876 0.63523 0.44493 0.42140 0.58927 0.47724 0.59702 0.47417 0.73305 0.37945 0.47206 0.55477 0.45056 0.73967 0.46879 0.58708 0.78783 0.81222 0.63812 0.53559 0.72636 0.84283 0.78878 0.95316 1.42746 1.48251 1.65452 -0.26099
0.02385 0.13983 0.37570 0.26747 0.37912 0.34923 0.43472 0.60902 0.50853 0.61646 0.63322 0.56469 0.68993 0.66367 0.68654 0.86165 0.71081 0.78441 0.82899 0.78103 0.85301 0.98412 0.86381 1.00771 0.99610 0.85671 0.87402 0.98588 1.04087 0.99483 1.01026 1.07073 1.09330 0.97952 0.98798 1.09050 1.10124 1.01241 1.10475 1.04968 1.00276 0.96030 0.92315 0.93443 1.10518 0.90219 1.26003 1.07687 1.18698 0.08477
0.25932 0.11927 0.34137 0.00156 0.38498 0.40917 0.50222 0.28113 0.44714 0.32722 0.52110 0.62047 0.48322 0.40509 0.51036 0.69567 0.41628 0.38733 0.44693 0.42055 0.69816 0.36837 0.43732 0.72116 0.42322 0.48576 0.26245 0.44701 0.63700 0.48274 0.63698 0.56330 0.55892 0.28280 0.46253 0.70444 0.66448 0.43752 0.64754 0.65168 0.40966 0.49952 0.83034 0.91324 0.99906 1.27278 1.19636 0.61128 0.55623 0.02823
0.11364 0.25821 0.23147 0.11458 0.26690 0.28255 0.24220 0.39246 0.25641 0.28168 0.29994 0.26751 0.37690 0.36346 0.37093 0.36170 0.27541 0.33534 0.34923 0.48370 0.51567 0.39693 0.35225 0.32775 0.61184 0.52836 0.36143 0.51809 0.60271 0.54564 0.55314 0.50590 0.58010 0.48403 0.66039 0.47861 0.50376 0.62649 0.55640 0.50888 0.66465 0.68018 0.60765 0.67084 0.67303 0.66189 0.65672 0.88871 0.95220 0.34327
-0.09963 0.31242 0.22493 0.15443 0.50616 0.47783 0.46891 0.50032 0.33950 0.57665 0.62705 0.59149 0.63628 0.73896 0.59278 0.83443 0.82060 0.73659 0.55299 0.99315 0.83005 0.78043 0.99543 0.99640 0.99978 0.94165 1.16080 1.11691 1.11953 1.14636 1.40399 1.26988 1.44060 1.32730 1.28547 1.14043 1.46057 1.31791 1.56066 1.58607 1.73117 1.62466 1.66872 1.69570 1.95145 2.06115 2.14633 1.66537 0.44380 -0.03230
-0.22319 0.34866 0.63520 0.73252 0.82854 1.09749 0.95072 0.89414 1.25584 1.20107 1.25655 1.22776 1.30340 1.36996 1.28185 1.22019 1.46305 1.30199 1.33042 1.55874 1.41685 1.36352 1.51775 1.38440 1.66821 1.49037 1.35180 1.51373 1.57198 1.42784 1.30561 1.46592 1.14445 1.42701 1.50468 1.43143 1.33802 1.66305 1.37601 1.32296 1.19948 1.41698 1.32084 1.16979 1.37032 1.67126 1.32201 1.60993 1.96118 0.16244
0.00876 0.14529 0.11084 0.33814 0.37931 0.29304 0.38867 0.42940 0.50937 0.59691 0.39349 0.42063 0.59852 0.65373 0.26269 0.54099 0.67505 0.62653 0.60832 0.92383 0.60128 0.76393 0.83472 0.72853 0.82121 0.61308 1.13296 0.66939 1.15396 1.10617 0.86806 0.82452 1.12603 1.25267 1.13553 1.16386 1.10015 0.97738 0.96412 1.02362 1.01686 0.88240 0.99275 0.97828 1.12155 0.67734 0.86263 0.76626 0.95311 -0.01447
-0.10380 0.17085 0.51776 0.55202 0.90329 0.73431 0.83820 0.99495 0.92704 1.04643 1.06109 1.12445 0.91544 1.12236 1.19798 1.10196 1.15135 1.34283 1.25180 1.21876 1.39536 1.28359 1.28387 1.33514 1.16821 1.27377 1.26596 1.31940 1.36395 1.25483 1.34344 1.20335 1.30259 1.19548 1.17421 1.31682 1.14759 1.19696 1.19262 1.14748 1.02572 1.01016 0.99235 0.84202 0.76835 0.74490 0.77599 0.50574 0.47540 0.09543
0.11958 0.02315 0.55969 0.50473 0.36139 0.23254 0.45756 0.19428 0.43116 0.34284 0.81634 0.49865 0.72861 0.25842 0.56266 0.43181 0.72042 0.29097 0.29088 0.58525 0.52145 0.37223 0.42064 0.59764 0.34530 0.39076 0.10102 0.24882 0.32908 0.42385 0.42618 0.31987 0.28139 0.36871 0.15169 -0.05075 0.36982 0.55517 0.65132 0.82724 0.82094 0.76944 1.52025 1.86556 1.84760 2.04850 1.91208 2.34403 2.35301 -0.51447
0.15069 0.83833 0.98866 0.83410 1.47659 0.85451 2.17600 0.38396 0.97570 0.84396 0.90612 1.13187 0.87167 0.62049 1.02084 0.95288 0.80885 1.13554 0.45379 1.35753 1.09771 0.59356 1.11034 1.02192 1.25952 0.81945 1.07874 0.65223 1.16034 1.27636 1.12196 1.21581 0.99386 0.64979 0.75609 1.13068 1.09210 1.10933 0.67489 0.39399 0.05466 0.62024 -0.36792 1.43416 0.37865 0.52075 0.43916 0.69297 0.80271 1.10878
0.27915 -0.00566 0.28109 0.48990 0.52449 0.21713 0.36000 1.16350 0.83087 0.53928 0.37533 0.81914 0.76717 0.73448 0.72952 0.66586 0.80491 0.78086 1.12279 0.82960 1.27435 1.23645 1.14402 1.30520 1.21842 1.35313 1.60097 1.27379 1.49662 1.62236 1.53752 1.77495 1.70395 1.87962 1.63630 1.71524 1.59953 1.93861 1.85774 1.78870 2.00317 1.86968 1.61838 2.08095 1.65469 2.06645 2.25732 2.16107 2.43191 0.23452
-0.14325 0.36559 0.23130 0.34770 -0.05084 0.18926 0.26452 -0.08514 0.32174 0.43782 -0.06538 -0.19515 -0.32607 0.47935 -0.08538 -0.00214 0.14941 0.50218 0.85485 0.15366 0.40566 0.34155 0.70577 0.64267 0.84848 0.33136 0.53069 0.84052 1.23696 0.56880 1.28117 1.22836 0.78300 1.24196 1.23513 1.35307 1.36940 0.91025 1.41485 1.44771 1.36131 1.50584 1.76416 2.03698 2.40618 2.22214 2.73962 3.18144 3.70855 -0.88570
-0.36163 -0.03600 0.31915 0.29534 0.75853 0.54994 0.69368 0.32130 1.15635 0.63215 1.13554 1.09319 0.59130 1.06110 0.79059 1.09514 1.16566 1.13329 1.09764 1.04951 1.23478 1.10000 1.46261 1.19527 1.13102 1.82585 1.29067 1.65062 1.23849 1.36985 1.46373 1.47493 1.25578 1.42459 1.29178 1.61848 1.56009 1.70589 1.53360 1.78157 1.81783 1.43222 1.15284 1.75357 1.04085 0.91484 1.32627 1.55175 0.63369 0.20043
0.40441 0.37479 0.18901 0.18139 0.56559 0.44376 0.47704 0.31740 0.55732 0.42051 0.83731 0.69899 0.36415 0.78949 0.84104 0.12515 0.26466 0.79535 0.57877 0.57200 0.36728 1.03189 1.04309 0.69613 0.92905 0.75457 0.57510 0.80788 0.78626 0.95829 0.84210 1.12407 0.83453 0.37564 0.74543 0.77323 0.74187 0.70946 0.87559 1.19028 0.62485 0.49572 0.73520 0.19833 0.98889 0.88615 0.51308 1.43753 2.17454 -0.54171
-0.20556 0.08360 0.60182 0.58727 0.42915 0.23271 0.53131 0.48573 0.46242 0.73646 0.75983 0.65383 0.41918 0.66512 0.78275 0.78537 0.75051 0.88641 0.51443 0.77251 1.09541 0.57351 0.82741 0.93805 0.91516 0.87951 1.05235 0.96717 0.77442 0.48032 0.82255 0.80262 1.08742 0.71965 0.78735 0.86163 1.03171 0.87375 0.80289 1.10486 1.11776 0.75474 0.98785 0.89925 0.71994 0.98743 0.72099 0.66492 0.49808 -0.55626
-0.38757 -0.15860 0.27511 0.02714 0.12803 0.42016 0.41065 0.35594 0.15871 0.45736 0.82077 0.29510 0.40412 0.04908 0.35281 0.85979 0.36324 0.57806 0.70933 0.15495 0.64005 0.42523 1.03650 0.75312 0.93205 0.56019 1.34625 0.55320 0.63713 1.25643 1.29381 1.55088 0.82827 1.58957 0.94242 1.29430 1.87572 1.05338 2.23064 2.11261 2.50695 2.39170 2.04003 2.68571 2.51688 1.84959 1.73879 1.05427 -0.22369 -0.23700
